start_time: 2025-03-03T17:43:11
path: /plaintext
framework: fastapi-sync-dependency
latency_min: 946
latency_max: 122200
latency_mean: 6444.4928762221
latency_stdev: 2595.628658596
latency_percentile_90: 7887
latency_percentile_99: 17843
duration: 600052800
requests_num: 6056595
bytes_received: 890319465
errors_status: 0
errors_connect: 0
errors_read: 0
errors_write: 0
errors_timeout: 0
end_time: 2025-03-03T17:53:11

start_time: 2025-03-03T17:53:21
path: /api?query=somequerystringfromclient
framework: fastapi-sync-dependency
latency_min: 1067
latency_max: 125568
latency_mean: 7176.7636315462
latency_stdev: 2469.5906866026
latency_percentile_90: 8843
latency_percentile_99: 17774
duration: 600086655
requests_num: 5411877
bytes_received: 1244731710
errors_status: 0
errors_connect: 0
errors_read: 0
errors_write: 0
errors_timeout: 0
end_time: 2025-03-03T18:03:21

start_time: 2025-03-03T18:03:31
path: /db
framework: fastapi-sync-dependency
latency_min: 2898
latency_max: 273208
latency_mean: 17958.86214118
latency_stdev: 6456.6379498163
latency_percentile_90: 25420
latency_percentile_99: 39619
duration: 600079247
requests_num: 2157948
bytes_received: 8374999084
errors_status: 0
errors_connect: 0
errors_read: 0
errors_write: 0
errors_timeout: 0
end_time: 2025-03-03T18:13:31

