start_time: 2025-03-03T16:46:52
path: /plaintext
framework: fastapi
latency_min: 706
latency_max: 166134
latency_mean: 3674.2157798613
latency_stdev: 2181.9951604896
latency_percentile_90: 4923
latency_percentile_99: 6987
duration: 600065279
requests_num: 10482477
bytes_received: 1540924119
errors_status: 0
errors_connect: 0
errors_read: 0
errors_write: 0
errors_timeout: 0
end_time: 2025-03-03T16:56:52

start_time: 2025-03-03T16:57:02
path: /api?query=somequerystringfromclient
framework: fastapi
latency_min: 763
latency_max: 116435
latency_mean: 4396.2766998992
latency_stdev: 1596.6039993027
latency_percentile_90: 5642
latency_percentile_99: 9007
duration: 600067194
requests_num: 8726470
bytes_received: 2007088100
errors_status: 0
errors_connect: 0
errors_read: 0
errors_write: 0
errors_timeout: 0
end_time: 2025-03-03T17:07:02

start_time: 2025-03-03T17:07:12
path: /db
framework: fastapi
latency_min: 2279
latency_max: 267876
latency_mean: 15997.686324255
latency_stdev: 6384.637747198
latency_percentile_90: 23432
latency_percentile_99: 35750
duration: 600090710
requests_num: 2422784
bytes_received: 9402830496
errors_status: 0
errors_connect: 0
errors_read: 0
errors_write: 0
errors_timeout: 0
end_time: 2025-03-03T17:17:12

