start_time: 2025-03-03T17:21:36
path: /plaintext
framework: fastapi-sync-endpoints
latency_min: 1041
latency_max: 131562
latency_mean: 7712.8553526207
latency_stdev: 2593.0431413928
latency_percentile_90: 9486
latency_percentile_99: 18639
duration: 600079220
requests_num: 5031724
bytes_received: 739663428
errors_status: 0
errors_connect: 0
errors_read: 0
errors_write: 0
errors_timeout: 0
end_time: 2025-03-03T17:31:36

start_time: 2025-03-03T17:31:46
path: /api?query=somequerystringfromclient
framework: fastapi-sync-endpoints
latency_min: 1192
latency_max: 139896
latency_mean: 8776.4228617509
latency_stdev: 2864.5473609123
latency_percentile_90: 10686
latency_percentile_99: 18711
duration: 600087756
requests_num: 4409790
bytes_received: 1014251700
errors_status: 0
errors_connect: 0
errors_read: 0
errors_write: 0
errors_timeout: 0
end_time: 2025-03-03T17:41:46

